1 8
2 8 9
3 6 -7 8
2 8 9
3 -5 -7 8
2 8 11
2 8 10
4 5 -6 -7 8
2 8 10
2 8 11
2 9 11
5 -4 5 -6 -7 9
2 9 11
4 4 -6 -7 11
2 8 12
2 8 11
2 8 10
2 8 9
6 3 -4 -5 -6 -7 8
2 8 9
2 8 10
2 8 11
2 8 12
5 3 4 -5 -7 8
6 -2 -3 5 -6 -7 8
2 8 10
2 8 9
7 -2 -3 4 -5 -6 -7 8
2 8 9
2 8 10
2 8 9
6 2 3 -4 -6 -7 8
2 8 9
7 2 3 4 -5 -6 -7 8
2 8 9
7 -1 -2 3 -5 -6 -7 8
2 8 9
2 8 13
2 8 12
2 8 10
2 8 9
7 -1 2 -4 -5 -6 -7 8
2 8 9
2 8 10
2 8 12
2 8 13
7 -1 2 -3 -5 -6 -7 10
2 8 13
2 8 12
2 8 10
8 -1 2 3 -4 -5 -6 -7 8
2 8 10
2 8 12
2 8 13
2 8 14
2 8 12
2 8 11
2 8 10
6 1 -3 -5 -6 -7 8
2 8 10
2 8 11
2 8 12
2 8 14
2 8 14
2 8 12
2 8 11
2 8 10
2 8 9
7 1 -3 4 -5 -6 -7 8
2 8 9
2 8 10
2 8 11
2 8 12
2 8 14
7 1 -2 -4 -5 -6 -7 11
2 8 14
2 8 13
2 8 12
2 8 11
8 1 2 -3 -4 -5 -6 -7 8
2 8 11
2 8 12
2 8 13
2 8 14
7 1 2 -3 4 -5 -7 8
2 8 9
7 -0 -2 -3 -5 -6 -7 8
2 8 9
2 10 13
2 10 12
2 10 11
8 -0 -1 3 -4 -5 -6 -7 10
2 10 11
2 10 12
2 10 13
2 8 9
8 -0 -1 -2 -3 -4 -5 -6 8
2 8 9
2 8 10
2 8 9
9 -0 -1 -2 -3 -4 -5 6 -7 8
2 8 9
2 8 10
2 8 11
2 8 10
2 8 9
9 -0 -1 -2 -3 -4 5 -6 -7 8
2 8 9
2 8 10
2 8 11
2 10 12
2 10 11
9 -0 -1 -2 -3 4 -5 -6 -7 10
2 10 11
2 10 12
2 9 14
2 9 13
2 9 12
8 -0 -1 2 -4 -5 -6 -7 9
2 9 12
2 9 13
2 9 14
8 -0 -1 2 -3 -4 -6 -7 8
2 8 14
2 8 10
8 -0 -1 2 3 -5 -6 -7 8
2 8 10
2 8 14
2 10 14
9 -0 -1 2 3 4 -5 -6 -7 10
2 10 14
2 9 11
2 9 10
7 -0 1 -4 -5 -6 -7 9
2 9 10
2 9 11
2 11 15
2 11 14
2 11 12
9 -0 1 -2 -3 -4 -5 -6 -7 11
2 11 12
2 11 14
2 11 15
2 8 11
2 8 10
8 0 2 3 -4 -5 -6 -7 8
2 8 10
2 8 11
2 8 9
9 0 1 -2 3 -4 5 -6 -7 8
2 8 9
