1 6
2 6 9
2 6 7
2 -5 6
2 6 7
2 6 9
2 6 9
3 -3 -5 6
2 6 9
4 3 4 -5 9
2 7 9
2 7 8
4 2 -4 -5 7
2 7 8
2 7 9
2 6 10
2 6 9
2 6 8
5 2 -3 -4 -5 6
2 6 8
2 6 9
2 6 10
2 7 10
2 7 9
5 1 -3 -4 -5 7
2 7 9
2 7 10
2 6 9
2 6 8
2 6 7
5 1 -2 -4 -5 6
2 6 7
2 6 8
2 6 9
6 1 2 -3 4 -5 6
2 6 7
5 -0 -2 -4 -5 6
2 6 7
6 -0 -1 3 -4 -5 6
2 6 7
7 -0 -1 -2 -3 -4 5 6
2 6 7
2 6 8
2 6 7
7 -0 -1 -2 -3 4 -5 6
2 6 7
2 6 8
2 6 11
2 6 10
2 6 8
7 -0 1 -2 -3 -4 -5 6
2 6 8
2 6 10
2 6 11
2 6 7
5 0 -3 -4 -5 6
2 6 7
2 6 9
2 6 8
7 0 -1 -2 3 -4 -5 6
2 6 8
2 6 9
2 6 10
2 6 9
2 6 8
2 6 7
7 0 -1 2 -3 -4 -5 6
2 6 7
2 6 8
2 6 9
2 6 10
