800 1600 
1 793 1
1 9 -1
1 8 1
1 2 -1
2 794 1
2 10 -1
2 3 -1
3 795 1
3 11 -1
3 4 -1
4 796 1
4 12 -1
4 5 -1
5 797 -1
5 13 1
5 6 -1
6 798 -1
6 14 1
6 7 -1
7 799 1
7 15 1
7 8 1
8 800 1
8 16 1
9 17 -1
9 16 1
9 10 1
10 18 1
10 11 1
11 19 1
11 12 1
12 20 1
12 13 1
13 21 -1
13 14 -1
14 22 1
14 15 -1
15 23 -1
15 16 1
16 24 -1
17 25 1
17 24 -1
17 18 -1
18 26 1
18 19 -1
19 27 1
19 20 -1
20 28 -1
20 21 -1
21 29 -1
21 22 1
22 30 1
22 23 -1
23 31 -1
23 24 -1
24 32 -1
25 33 1
25 32 -1
25 26 1
26 34 1
26 27 -1
27 35 -1
27 28 1
28 36 1
28 29 1
29 37 1
29 30 -1
30 38 -1
30 31 -1
31 39 1
31 32 -1
32 40 1
33 41 -1
33 40 -1
33 34 -1
34 42 1
34 35 1
35 43 1
35 36 1
36 44 1
36 37 1
37 45 1
37 38 1
38 46 -1
38 39 -1
39 47 -1
39 40 -1
40 48 1
41 49 1
41 48 -1
41 42 -1
42 50 -1
42 43 -1
43 51 -1
43 44 -1
44 52 1
44 45 1
45 53 -1
45 46 1
46 54 -1
46 47 -1
47 55 -1
47 48 -1
48 56 1
49 57 -1
49 56 -1
49 50 -1
50 58 1
50 51 1
51 59 -1
51 52 -1
52 60 -1
52 53 1
53 61 1
53 54 1
54 62 -1
54 55 -1
55 63 1
55 56 1
56 64 -1
57 65 -1
57 64 1
57 58 -1
58 66 -1
58 59 -1
59 67 1
59 60 1
60 68 -1
60 61 -1
61 69 1
61 62 1
62 70 -1
62 63 1
63 71 -1
63 64 -1
64 72 1
65 73 1
65 72 -1
65 66 -1
66 74 -1
66 67 -1
67 75 -1
67 68 -1
68 76 1
68 69 1
69 77 1
69 70 -1
70 78 -1
70 71 1
71 79 1
71 72 -1
72 80 -1
73 81 -1
73 80 1
73 74 -1
74 82 1
74 75 -1
75 83 1
75 76 1
76 84 -1
76 77 -1
77 85 1
77 78 -1
78 86 -1
78 79 -1
79 87 1
79 80 1
80 88 1
81 89 1
81 88 1
81 82 1
82 90 -1
82 83 1
83 91 1
83 84 -1
84 92 -1
84 85 1
85 93 -1
85 86 -1
86 94 -1
86 87 1
87 95 1
87 88 -1
88 96 1
89 97 -1
89 96 1
89 90 1
90 98 -1
90 91 -1
91 99 1
91 92 1
92 100 -1
92 93 -1
93 101 -1
93 94 1
94 102 -1
94 95 -1
95 103 -1
95 96 -1
96 104 -1
97 105 -1
97 104 -1
97 98 -1
98 106 -1
98 99 -1
99 107 -1
99 100 -1
100 108 1
100 101 1
101 109 -1
101 102 1
102 110 1
102 103 -1
103 111 1
103 104 -1
104 112 1
105 113 -1
105 112 -1
105 106 1
106 114 1
106 107 1
107 115 1
107 108 -1
108 116 -1
108 109 -1
109 117 1
109 110 -1
110 118 -1
110 111 -1
111 119 1
111 112 1
112 120 -1
113 121 1
113 120 -1
113 114 1
114 122 -1
114 115 1
115 123 -1
115 116 1
116 124 1
116 117 1
117 125 -1
117 118 -1
118 126 1
118 119 -1
119 127 -1
119 120 1
120 128 1
121 129 1
121 128 -1
121 122 -1
122 130 1
122 123 1
123 131 1
123 124 1
124 132 1
124 125 1
125 133 -1
125 126 1
126 134 1
126 127 -1
127 135 -1
127 128 -1
128 136 1
129 137 -1
129 136 1
129 130 -1
130 138 1
130 131 1
131 139 1
131 132 1
132 140 1
132 133 1
133 141 1
133 134 -1
134 142 -1
134 135 1
135 143 1
135 136 1
136 144 -1
137 145 -1
137 144 1
137 138 -1
138 146 -1
138 139 -1
139 147 -1
139 140 1
140 148 1
140 141 -1
141 149 -1
141 142 1
142 150 -1
142 143 1
143 151 1
143 144 1
144 152 1
145 153 -1
145 152 -1
145 146 1
146 154 1
146 147 -1
147 155 1
147 148 1
148 156 -1
148 149 1
149 157 1
149 150 -1
150 158 -1
150 151 1
151 159 1
151 152 1
152 160 -1
153 161 -1
153 160 1
153 154 1
154 162 1
154 155 1
155 163 -1
155 156 -1
156 164 -1
156 157 -1
157 165 -1
157 158 -1
158 166 1
158 159 -1
159 167 -1
159 160 -1
160 168 1
161 169 1
161 168 1
161 162 1
162 170 -1
162 163 1
163 171 1
163 164 1
164 172 -1
164 165 -1
165 173 -1
165 166 1
166 174 -1
166 167 -1
167 175 -1
167 168 1
168 176 1
169 177 1
169 176 -1
169 170 1
170 178 -1
170 171 -1
171 179 -1
171 172 1
172 180 -1
172 173 1
173 181 1
173 174 1
174 182 1
174 175 -1
175 183 -1
175 176 1
176 184 -1
177 185 1
177 184 -1
177 178 1
178 186 -1
178 179 -1
179 187 1
179 180 -1
180 188 1
180 181 1
181 189 1
181 182 1
182 190 1
182 183 1
183 191 1
183 184 -1
184 192 -1
185 193 1
185 192 -1
185 186 -1
186 194 1
186 187 1
187 195 1
187 188 1
188 196 1
188 189 1
189 197 -1
189 190 -1
190 198 -1
190 191 1
191 199 1
191 192 -1
192 200 -1
193 201 1
193 200 -1
193 194 1
194 202 1
194 195 -1
195 203 1
195 196 -1
196 204 -1
196 197 -1
197 205 -1
197 198 1
198 206 1
198 199 -1
199 207 -1
199 200 1
200 208 -1
201 209 -1
201 208 1
201 202 -1
202 210 1
202 203 -1
203 211 -1
203 204 -1
204 212 -1
204 205 1
205 213 1
205 206 1
206 214 1
206 207 -1
207 215 -1
207 208 1
208 216 1
209 217 -1
209 216 1
209 210 1
210 218 1
210 211 -1
211 219 1
211 212 1
212 220 1
212 213 1
213 221 -1
213 214 1
214 222 1
214 215 -1
215 223 1
215 216 -1
216 224 -1
217 225 -1
217 224 -1
217 218 -1
218 226 1
218 219 1
219 227 -1
219 220 1
220 228 -1
220 221 1
221 229 -1
221 222 1
222 230 1
222 223 1
223 231 1
223 224 -1
224 232 -1
225 233 -1
225 232 1
225 226 -1
226 234 1
226 227 1
227 235 -1
227 228 1
228 236 1
228 229 -1
229 237 -1
229 230 -1
230 238 -1
230 231 -1
231 239 -1
231 232 1
232 240 1
233 241 1
233 240 1
233 234 -1
234 242 1
234 235 -1
235 243 1
235 236 -1
236 244 -1
236 237 -1
237 245 -1
237 238 1
238 246 1
238 239 1
239 247 1
239 240 1
240 248 1
241 249 1
241 248 -1
241 242 1
242 250 -1
242 243 -1
243 251 -1
243 244 -1
244 252 -1
244 245 -1
245 253 -1
245 246 -1
246 254 1
246 247 1
247 255 -1
247 248 1
248 256 -1
249 257 1
249 256 -1
249 250 1
250 258 1
250 251 1
251 259 -1
251 252 1
252 260 -1
252 253 -1
253 261 -1
253 254 1
254 262 1
254 255 1
255 263 -1
255 256 -1
256 264 -1
257 265 -1
257 264 -1
257 258 1
258 266 -1
258 259 1
259 267 1
259 260 1
260 268 1
260 261 1
261 269 1
261 262 -1
262 270 -1
262 263 -1
263 271 -1
263 264 1
264 272 -1
265 273 1
265 272 -1
265 266 -1
266 274 -1
266 267 1
267 275 1
267 268 1
268 276 -1
268 269 -1
269 277 -1
269 270 1
270 278 -1
270 271 1
271 279 1
271 272 -1
272 280 -1
273 281 1
273 280 1
273 274 -1
274 282 1
274 275 1
275 283 -1
275 276 1
276 284 -1
276 277 1
277 285 -1
277 278 -1
278 286 1
278 279 1
279 287 -1
279 280 1
280 288 1
281 289 1
281 288 -1
281 282 -1
282 290 -1
282 283 -1
283 291 1
283 284 -1
284 292 -1
284 285 1
285 293 1
285 286 1
286 294 -1
286 287 1
287 295 1
287 288 1
288 296 1
289 297 1
289 296 1
289 290 1
290 298 -1
290 291 1
291 299 1
291 292 1
292 300 1
292 293 1
293 301 1
293 294 1
294 302 1
294 295 -1
295 303 1
295 296 -1
296 304 -1
297 305 1
297 304 -1
297 298 1
298 306 1
298 299 -1
299 307 1
299 300 1
300 308 1
300 301 -1
301 309 -1
301 302 -1
302 310 1
302 303 1
303 311 -1
303 304 -1
304 312 1
305 313 1
305 312 -1
305 306 -1
306 314 -1
306 307 -1
307 315 -1
307 308 1
308 316 -1
308 309 1
309 317 -1
309 310 -1
310 318 -1
310 311 1
311 319 1
311 312 1
312 320 -1
313 321 1
313 320 -1
313 314 1
314 322 -1
314 315 1
315 323 1
315 316 -1
316 324 -1
316 317 1
317 325 -1
317 318 1
318 326 1
318 319 -1
319 327 1
319 320 -1
320 328 1
321 329 1
321 328 -1
321 322 -1
322 330 -1
322 323 -1
323 331 1
323 324 1
324 332 1
324 325 -1
325 333 1
325 326 1
326 334 1
326 327 -1
327 335 1
327 328 1
328 336 1
329 337 1
329 336 -1
329 330 1
330 338 1
330 331 -1
331 339 1
331 332 1
332 340 -1
332 333 -1
333 341 -1
333 334 -1
334 342 -1
334 335 1
335 343 -1
335 336 -1
336 344 -1
337 345 -1
337 344 -1
337 338 -1
338 346 1
338 339 1
339 347 -1
339 340 -1
340 348 1
340 341 1
341 349 -1
341 342 -1
342 350 -1
342 343 -1
343 351 1
343 344 -1
344 352 1
345 353 -1
345 352 -1
345 346 -1
346 354 -1
346 347 1
347 355 1
347 348 -1
348 356 1
348 349 -1
349 357 -1
349 350 -1
350 358 -1
350 351 -1
351 359 1
351 352 -1
352 360 -1
353 361 1
353 360 1
353 354 1
354 362 1
354 355 -1
355 363 1
355 356 -1
356 364 1
356 357 1
357 365 -1
357 358 1
358 366 1
358 359 1
359 367 -1
359 360 -1
360 368 -1
361 369 1
361 368 1
361 362 -1
362 370 1
362 363 -1
363 371 -1
363 364 1
364 372 -1
364 365 -1
365 373 -1
365 366 -1
366 374 1
366 367 1
367 375 -1
367 368 1
368 376 -1
369 377 1
369 376 1
369 370 -1
370 378 1
370 371 -1
371 379 1
371 372 -1
372 380 -1
372 373 1
373 381 1
373 374 -1
374 382 -1
374 375 -1
375 383 -1
375 376 1
376 384 -1
377 385 -1
377 384 -1
377 378 1
378 386 -1
378 379 1
379 387 -1
379 380 -1
380 388 1
380 381 1
381 389 1
381 382 -1
382 390 -1
382 383 -1
383 391 1
383 384 -1
384 392 1
385 393 -1
385 392 -1
385 386 -1
386 394 -1
386 387 1
387 395 1
387 388 1
388 396 -1
388 389 1
389 397 1
389 390 -1
390 398 -1
390 391 -1
391 399 -1
391 392 1
392 400 1
393 401 -1
393 400 -1
393 394 1
394 402 -1
394 395 1
395 403 1
395 396 1
396 404 -1
396 397 -1
397 405 1
397 398 1
398 406 1
398 399 1
399 407 1
399 400 1
400 408 1
401 409 -1
401 408 1
401 402 1
402 410 -1
402 403 -1
403 411 1
403 404 1
404 412 1
404 405 -1
405 413 -1
405 406 -1
406 414 1
406 407 1
407 415 -1
407 408 1
408 416 1
409 417 1
409 416 1
409 410 1
410 418 -1
410 411 1
411 419 1
411 412 -1
412 420 1
412 413 1
413 421 1
413 414 1
414 422 1
414 415 -1
415 423 1
415 416 1
416 424 1
417 425 -1
417 424 1
417 418 1
418 426 1
418 419 -1
419 427 -1
419 420 1
420 428 1
420 421 -1
421 429 1
421 422 1
422 430 -1
422 423 -1
423 431 1
423 424 1
424 432 1
425 433 1
425 432 1
425 426 1
426 434 -1
426 427 1
427 435 -1
427 428 1
428 436 -1
428 429 1
429 437 1
429 430 1
430 438 1
430 431 -1
431 439 1
431 432 -1
432 440 1
433 441 -1
433 440 -1
433 434 1
434 442 1
434 435 1
435 443 -1
435 436 1
436 444 -1
436 437 1
437 445 -1
437 438 1
438 446 -1
438 439 1
439 447 1
439 440 1
440 448 1
441 449 1
441 448 -1
441 442 -1
442 450 -1
442 443 1
443 451 1
443 444 -1
444 452 -1
444 445 1
445 453 1
445 446 -1
446 454 1
446 447 -1
447 455 -1
447 448 -1
448 456 1
449 457 -1
449 456 1
449 450 1
450 458 1
450 451 -1
451 459 1
451 452 -1
452 460 -1
452 453 -1
453 461 1
453 454 1
454 462 -1
454 455 -1
455 463 -1
455 456 1
456 464 -1
457 465 -1
457 464 -1
457 458 1
458 466 1
458 459 -1
459 467 1
459 460 1
460 468 1
460 461 1
461 469 -1
461 462 1
462 470 1
462 463 1
463 471 -1
463 464 1
464 472 1
465 473 1
465 472 -1
465 466 -1
466 474 -1
466 467 -1
467 475 1
467 468 -1
468 476 1
468 469 -1
469 477 1
469 470 1
470 478 -1
470 471 -1
471 479 -1
471 472 1
472 480 1
473 481 1
473 480 1
473 474 1
474 482 1
474 475 1
475 483 1
475 476 1
476 484 -1
476 477 1
477 485 1
477 478 -1
478 486 1
478 479 1
479 487 -1
479 480 1
480 488 -1
481 489 -1
481 488 1
481 482 1
482 490 1
482 483 1
483 491 -1
483 484 1
484 492 -1
484 485 -1
485 493 1
485 486 -1
486 494 1
486 487 1
487 495 1
487 488 -1
488 496 -1
489 497 -1
489 496 -1
489 490 1
490 498 1
490 491 -1
491 499 1
491 492 -1
492 500 1
492 493 -1
493 501 -1
493 494 1
494 502 -1
494 495 -1
495 503 -1
495 496 -1
496 504 -1
497 505 -1
497 504 -1
497 498 1
498 506 -1
498 499 -1
499 507 1
499 500 1
500 508 -1
500 501 1
501 509 1
501 502 -1
502 510 -1
502 503 1
503 511 -1
503 504 1
504 512 -1
505 513 -1
505 512 -1
505 506 1
506 514 -1
506 507 1
507 515 -1
507 508 1
508 516 -1
508 509 1
509 517 1
509 510 1
510 518 -1
510 511 -1
511 519 -1
511 512 -1
512 520 1
513 521 -1
513 520 -1
513 514 1
514 522 1
514 515 -1
515 523 1
515 516 1
516 524 1
516 517 1
517 525 -1
517 518 -1
518 526 1
518 519 1
519 527 -1
519 520 1
520 528 -1
521 529 -1
521 528 -1
521 522 -1
522 530 -1
522 523 -1
523 531 -1
523 524 -1
524 532 1
524 525 -1
525 533 -1
525 526 -1
526 534 -1
526 527 1
527 535 1
527 528 1
528 536 1
529 537 -1
529 536 1
529 530 1
530 538 -1
530 531 -1
531 539 -1
531 532 -1
532 540 -1
532 533 -1
533 541 1
533 534 -1
534 542 -1
534 535 -1
535 543 -1
535 536 -1
536 544 1
537 545 -1
537 544 1
537 538 -1
538 546 -1
538 539 -1
539 547 -1
539 540 1
540 548 -1
540 541 1
541 549 1
541 542 1
542 550 1
542 543 -1
543 551 1
543 544 -1
544 552 -1
545 553 -1
545 552 -1
545 546 -1
546 554 -1
546 547 -1
547 555 -1
547 548 -1
548 556 1
548 549 -1
549 557 -1
549 550 1
550 558 -1
550 551 1
551 559 -1
551 552 -1
552 560 -1
553 561 1
553 560 -1
553 554 -1
554 562 1
554 555 1
555 563 1
555 556 1
556 564 1
556 557 -1
557 565 -1
557 558 -1
558 566 1
558 559 -1
559 567 1
559 560 -1
560 568 1
561 569 -1
561 568 -1
561 562 1
562 570 -1
562 563 1
563 571 -1
563 564 1
564 572 -1
564 565 1
565 573 -1
565 566 -1
566 574 -1
566 567 -1
567 575 -1
567 568 -1
568 576 1
569 577 1
569 576 1
569 570 -1
570 578 1
570 571 -1
571 579 1
571 572 -1
572 580 1
572 573 1
573 581 -1
573 574 1
574 582 1
574 575 1
575 583 1
575 576 1
576 584 1
577 585 -1
577 584 -1
577 578 -1
578 586 -1
578 579 -1
579 587 -1
579 580 -1
580 588 -1
580 581 1
581 589 -1
581 582 -1
582 590 1
582 583 1
583 591 1
583 584 1
584 592 1
585 593 1
585 592 1
585 586 1
586 594 1
586 587 1
587 595 1
587 588 -1
588 596 1
588 589 -1
589 597 1
589 590 -1
590 598 1
590 591 -1
591 599 -1
591 592 -1
592 600 1
593 601 1
593 600 -1
593 594 1
594 602 -1
594 595 -1
595 603 -1
595 596 -1
596 604 1
596 597 1
597 605 1
597 598 -1
598 606 1
598 599 -1
599 607 1
599 600 1
600 608 1
601 609 -1
601 608 1
601 602 -1
602 610 1
602 603 -1
603 611 1
603 604 -1
604 612 1
604 605 -1
605 613 1
605 606 -1
606 614 1
606 607 1
607 615 1
607 608 1
608 616 -1
609 617 -1
609 616 1
609 610 1
610 618 1
610 611 1
611 619 1
611 612 1
612 620 -1
612 613 -1
613 621 -1
613 614 1
614 622 -1
614 615 1
615 623 -1
615 616 1
616 624 1
617 625 -1
617 624 1
617 618 -1
618 626 1
618 619 1
619 627 1
619 620 1
620 628 1
620 621 -1
621 629 1
621 622 -1
622 630 -1
622 623 -1
623 631 -1
623 624 -1
624 632 1
625 633 1
625 632 1
625 626 -1
626 634 1
626 627 -1
627 635 -1
627 628 -1
628 636 1
628 629 1
629 637 -1
629 630 1
630 638 -1
630 631 -1
631 639 1
631 632 1
632 640 1
633 641 -1
633 640 1
633 634 -1
634 642 1
634 635 -1
635 643 1
635 636 1
636 644 1
636 637 -1
637 645 -1
637 638 -1
638 646 -1
638 639 -1
639 647 1
639 640 1
640 648 -1
641 649 -1
641 648 -1
641 642 -1
642 650 -1
642 643 1
643 651 1
643 644 -1
644 652 1
644 645 1
645 653 1
645 646 1
646 654 -1
646 647 1
647 655 -1
647 648 1
648 656 1
649 657 1
649 656 1
649 650 1
650 658 1
650 651 1
651 659 -1
651 652 1
652 660 -1
652 653 -1
653 661 1
653 654 -1
654 662 1
654 655 1
655 663 -1
655 656 1
656 664 1
657 665 1
657 664 1
657 658 1
658 666 1
658 659 1
659 667 -1
659 660 1
660 668 1
660 661 1
661 669 1
661 662 1
662 670 -1
662 663 -1
663 671 1
663 664 -1
664 672 -1
665 673 1
665 672 -1
665 666 1
666 674 -1
666 667 -1
667 675 1
667 668 -1
668 676 -1
668 669 1
669 677 -1
669 670 1
670 678 1
670 671 -1
671 679 1
671 672 -1
672 680 1
673 681 -1
673 680 1
673 674 -1
674 682 -1
674 675 1
675 683 -1
675 676 1
676 684 -1
676 677 1
677 685 -1
677 678 1
678 686 -1
678 679 1
679 687 -1
679 680 -1
680 688 -1
681 689 1
681 688 -1
681 682 1
682 690 -1
682 683 1
683 691 1
683 684 -1
684 692 1
684 685 -1
685 693 1
685 686 -1
686 694 1
686 687 -1
687 695 -1
687 688 1
688 696 -1
689 697 1
689 696 -1
689 690 1
690 698 1
690 691 -1
691 699 -1
691 692 1
692 700 1
692 693 1
693 701 -1
693 694 -1
694 702 -1
694 695 1
695 703 -1
695 696 1
696 704 -1
697 705 1
697 704 -1
697 698 1
698 706 -1
698 699 -1
699 707 1
699 700 -1
700 708 1
700 701 -1
701 709 1
701 702 1
702 710 1
702 703 1
703 711 -1
703 704 1
704 712 -1
705 713 1
705 712 1
705 706 -1
706 714 -1
706 707 -1
707 715 -1
707 708 1
708 716 1
708 709 1
709 717 1
709 710 -1
710 718 -1
710 711 1
711 719 1
711 712 1
712 720 -1
713 721 -1
713 720 1
713 714 -1
714 722 1
714 715 1
715 723 -1
715 716 1
716 724 -1
716 717 1
717 725 1
717 718 -1
718 726 1
718 719 1
719 727 -1
719 720 -1
720 728 -1
721 729 -1
721 728 1
721 722 -1
722 730 1
722 723 1
723 731 1
723 724 -1
724 732 -1
724 725 1
725 733 1
725 726 1
726 734 1
726 727 1
727 735 1
727 728 1
728 736 1
729 737 1
729 736 -1
729 730 1
730 738 1
730 731 1
731 739 1
731 732 1
732 740 1
732 733 -1
733 741 1
733 734 -1
734 742 -1
734 735 1
735 743 -1
735 736 -1
736 744 1
737 745 1
737 744 -1
737 738 1
738 746 1
738 739 -1
739 747 1
739 740 1
740 748 1
740 741 -1
741 749 1
741 742 -1
742 750 1
742 743 -1
743 751 -1
743 744 1
744 752 1
745 753 1
745 752 -1
745 746 1
746 754 -1
746 747 -1
747 755 1
747 748 -1
748 756 1
748 749 -1
749 757 1
749 750 -1
750 758 -1
750 751 1
751 759 -1
751 752 1
752 760 1
753 761 1
753 760 1
753 754 1
754 762 -1
754 755 -1
755 763 1
755 756 1
756 764 -1
756 757 -1
757 765 -1
757 758 -1
758 766 1
758 759 -1
759 767 1
759 760 -1
760 768 1
761 769 1
761 768 1
761 762 1
762 770 1
762 763 -1
763 771 -1
763 764 1
764 772 -1
764 765 -1
765 773 -1
765 766 -1
766 774 -1
766 767 1
767 775 -1
767 768 -1
768 776 -1
769 777 -1
769 776 1
769 770 1
770 778 1
770 771 -1
771 779 1
771 772 1
772 780 -1
772 773 -1
773 781 -1
773 774 1
774 782 -1
774 775 1
775 783 1
775 776 1
776 784 1
777 785 1
777 784 1
777 778 1
778 786 -1
778 779 -1
779 787 1
779 780 1
780 788 -1
780 781 1
781 789 1
781 782 -1
782 790 1
782 783 -1
783 791 -1
783 784 -1
784 792 1
785 793 -1
785 792 1
785 786 1
786 794 -1
786 787 -1
787 795 1
787 788 -1
788 796 1
788 789 -1
789 797 1
789 790 1
790 798 1
790 791 -1
791 799 -1
791 792 -1
792 800 1
793 800 -1
793 794 -1
794 795 -1
795 796 -1
796 797 -1
797 798 -1
798 799 -1
799 800 -1
