2 12 13
1 12
2 12 13
2 11 13
2 11 12
2 10 11
2 11 12
2 11 13
3 9 -10 13
5 -7 -8 9 -10 11
5 7 8 -9 -10 12
5 6 -8 -9 -10 13
5 -5 -8 -9 -10 14
5 -5 -6 -9 -10 11
6 -5 -6 7 -8 -10 11
2 12 14
6 5 7 -8 -9 -10 12
2 12 14
2 13 16
7 5 -6 -7 -8 -9 -10 13
2 13 16
2 11 12
7 5 6 -7 8 -9 -10 11
2 11 12
6 -4 -7 -8 -9 -10 15
2 12 15
7 4 6 -7 -8 -9 -10 12
2 12 15
2 11 12
7 4 -5 7 -8 -9 -10 11
2 11 12
2 11 17
2 11 13
2 11 12
8 4 -5 -6 -7 -8 -9 -10 11
2 11 12
2 11 13
2 11 17
2 11 13
2 11 12
7 4 5 -6 -8 -9 -10 11
2 11 12
2 11 13
8 -3 5 6 -7 -8 -9 -10 11
2 11 13
2 11 12
7 -3 -4 -7 -8 -9 -10 11
2 11 12
2 11 13
7 -3 -4 -6 -8 -9 -10 11
2 12 20
2 12 18
2 12 16
2 12 15
9 -3 -4 -5 -6 -7 -8 -9 -10 12
2 12 15
2 12 16
2 12 18
2 12 20
2 12 14
2 12 13
8 3 4 -5 6 -7 -9 -10 12
2 12 13
2 12 14
2 11 14
2 11 13
9 3 4 -5 6 -7 8 -9 -10 11
2 11 13
2 11 14
2 11 14
2 11 13
7 -2 -6 -7 -8 -9 -10 11
2 11 13
2 11 14
9 -2 -4 5 -6 7 -8 9 -10 11
9 -2 -3 -4 -5 -7 -8 -9 -10 12
9 -2 -3 -4 5 7 -8 -9 -10 11
10 -2 -3 -4 5 -6 -7 8 -9 -10 11
2 11 12
9 -2 -3 4 -5 -6 -8 -9 -10 11
2 11 12
2 11 16
2 11 15
2 11 12
10 -2 -3 4 -5 -6 -7 -8 -9 -10 11
2 11 12
2 11 15
2 11 16
9 2 -3 -4 5 -6 7 -8 -10 11
2 11 15
2 11 13
8 2 3 -6 -7 -8 -9 -10 11
2 11 13
2 11 15
2 11 13
2 11 12
10 2 3 -4 5 -6 7 -8 -9 -10 11
2 11 12
2 11 13
2 11 15
2 11 14
2 11 12
9 2 3 4 -6 -7 -8 -9 -10 11
2 11 12
2 11 14
2 11 15
9 2 3 4 -5 -6 7 -9 -10 11
2 11 18
2 11 16
2 11 15
2 11 13
9 -1 -4 -5 -6 -7 -8 -9 -10 11
2 11 13
2 11 15
2 11 16
2 11 18
8 -1 -2 6 -7 -8 -9 -10 11
9 -1 -2 -4 -5 -7 -8 -9 -10 11
2 11 20
2 11 16
2 11 15
2 11 13
10 -1 -2 -4 -5 -6 -7 -8 -9 -10 11
2 11 13
2 11 15
2 11 16
2 11 20
10 -1 -2 -3 4 5 -7 -8 -9 -10 12
2 15 20
2 15 17
10 -1 -2 3 -5 -6 -7 -8 -9 -10 15
2 15 17
2 15 20
2 12 13
10 -1 -2 3 -4 -5 -7 -8 -9 -10 12
2 12 13
2 12 20
2 12 17
2 12 14
11 -1 -2 3 4 -5 -6 -7 -8 -9 -10 12
2 12 14
2 12 17
2 12 20
2 12 16
2 12 14
10 -1 2 -3 -5 -6 -7 -8 -9 -10 12
2 12 14
2 12 16
10 -1 2 3 4 -6 7 -8 -9 -10 11
9 1 -3 -4 -6 -7 -8 -9 -10 11
2 11 15
2 11 14
10 1 -3 4 -5 -6 -7 -8 -9 -10 11
2 11 14
2 11 15
2 11 19
2 11 15
2 11 14
2 11 12
10 1 3 -4 -5 -6 -7 -8 -9 -10 11
2 11 12
2 11 14
2 11 15
2 11 19
10 1 -2 -4 5 -6 -7 -8 -9 -10 13
2 11 14
10 1 -2 -3 -5 -6 -7 -8 -9 -10 11
2 11 14
10 1 -2 3 -4 6 -7 -8 -9 -10 11
11 1 -2 3 4 -5 -6 7 8 -9 -10 11
2 13 14
10 1 2 -3 4 -5 -7 -8 -9 -10 13
2 13 14
2 11 12
10 1 2 -3 4 -5 6 -7 -9 -10 11
2 11 12
2 11 12
10 1 2 3 -5 6 -7 -8 -9 -10 11
2 11 12
2 11 19
2 11 18
2 11 15
2 11 14
2 11 12
11 1 2 3 -4 -5 -6 -7 -8 -9 -10 11
2 11 12
2 11 14
2 11 15
2 11 18
2 11 19
10 1 2 3 4 5 -6 -8 -9 -10 11
2 11 20
2 11 19
2 11 18
2 11 17
2 11 16
2 11 15
2 11 14
2 11 13
2 11 12
9 -0 -4 -5 -6 -7 -8 -9 -10 11
2 11 12
2 11 13
2 11 14
2 11 15
2 11 16
2 11 17
2 11 18
2 11 19
2 11 20
2 11 14
2 11 12
8 -0 3 -6 -7 -8 -9 -10 11
2 11 12
2 11 14
2 11 20
2 11 19
2 11 18
2 11 17
2 11 16
2 11 13
10 -0 3 -4 -5 -6 -7 -8 -9 -10 11
2 11 13
2 11 16
2 11 17
2 11 18
2 11 19
2 11 20
2 11 18
2 11 17
2 11 16
2 11 15
2 11 12
11 -0 -2 -3 4 -5 -6 -7 -8 -9 -10 11
2 11 12
2 11 15
2 11 16
2 11 17
2 11 18
2 13 19
2 13 18
2 13 17
2 13 15
11 -0 -2 3 -4 -5 -6 -7 -8 -9 -10 13
2 13 15
2 13 17
2 13 18
2 13 19
2 12 13
9 -0 -1 -5 -6 -7 -8 -9 -10 12
2 12 13
2 11 17
2 11 16
2 11 15
2 11 14
10 -0 -1 -3 -4 -6 -7 -8 -9 -10 11
2 11 14
2 11 15
2 11 16
2 11 17
2 12 20
2 12 19
2 12 18
2 12 16
2 12 15
2 12 13
10 -0 -1 -3 -4 -5 -7 -8 -9 -10 12
2 12 13
2 12 15
2 12 16
2 12 18
2 12 19
2 12 20
2 11 20
2 11 19
2 11 18
2 11 16
2 11 15
2 11 13
11 -0 -1 -3 -4 -5 6 -7 -8 -9 -10 11
2 11 13
2 11 15
2 11 16
2 11 18
2 11 19
2 11 20
2 11 15
2 11 14
2 11 13
2 11 12
10 -0 -1 -2 -4 -5 -6 -8 -9 -10 11
2 11 12
2 11 13
2 11 14
2 11 15
2 11 14
2 11 13
2 11 12
11 -0 -1 -2 -3 -4 -5 -6 -7 -9 -10 11
2 11 12
2 11 13
2 11 14
2 11 12
11 -0 -1 -2 -3 -4 -5 -6 -7 -8 -9 11
2 11 12
2 11 13
2 11 12
12 -0 -1 -2 -3 -4 -5 -6 -7 -8 9 -10 11
2 11 12
2 11 13
2 13 16
2 13 15
2 13 14
12 -0 -1 -2 -3 -4 -5 6 -7 -8 -9 -10 13
2 13 14
2 13 15
2 13 16
2 11 13
2 11 12
10 -0 -1 -2 3 -6 -7 -8 -9 -10 11
2 11 12
2 11 13
2 12 15
2 12 14
2 12 13
11 -0 -1 -2 3 -4 -5 -6 -8 -9 -10 12
2 12 13
2 12 14
2 12 15
9 -0 -1 2 -6 -7 -8 -9 -10 12
2 11 17
2 11 16
2 11 15
2 11 13
2 11 12
11 -0 -1 2 -3 -4 5 -6 -7 -9 -10 11
2 11 12
2 11 13
2 11 15
2 11 16
2 11 17
2 12 17
2 12 16
2 12 15
2 12 13
12 -0 -1 2 -3 -4 5 -6 -7 8 -9 -10 12
2 12 13
2 12 15
2 12 16
2 12 17
2 11 21
2 11 19
2 11 17
2 11 15
2 11 12
11 -0 1 -2 -3 -5 -6 -7 -8 -9 -10 11
2 11 12
2 11 15
2 11 17
2 11 19
2 11 21
2 13 21
2 13 19
2 13 18
2 13 16
2 13 15
12 -0 1 -2 -3 4 -5 -6 -7 -8 -9 -10 13
2 13 15
2 13 16
2 13 18
2 13 19
2 13 21
2 11 14
11 -0 1 2 3 -5 -6 -7 -8 -9 -10 11
2 11 14
2 11 12
11 -0 1 2 3 -4 -5 6 -8 -9 -10 11
2 11 12
2 12 14
9 0 3 5 -6 -7 -8 -9 -10 12
2 12 14
2 12 14
2 12 13
10 0 -2 4 -5 -6 -7 -8 -9 -10 12
2 12 13
2 12 14
2 13 20
2 13 19
2 13 18
2 13 14
11 0 2 -3 -4 -5 -6 -7 -8 -9 -10 13
2 13 14
2 13 18
2 13 19
2 13 20
2 11 12
11 0 2 3 -4 -5 6 7 -8 -9 -10 11
2 11 12
2 12 16
10 0 -1 -4 -5 -6 -7 -8 -9 -10 12
2 12 16
2 11 12
9 0 -1 -3 -6 -7 -8 -9 -10 11
2 11 12
10 0 -1 -2 -4 -6 -7 -8 -9 -10 13
11 0 -1 -2 3 4 5 -7 -8 -9 -10 11
2 12 13
9 0 1 -4 -6 -7 -8 -9 -10 12
2 12 13
11 0 1 -3 -4 -5 6 -7 -8 -9 -10 11
2 11 12
12 0 1 -2 -3 4 -5 -6 7 -8 -9 -10 11
2 11 12
11 0 1 -2 3 5 -6 7 -8 -9 -10 11
2 11 19
2 11 18
2 11 16
2 11 15
2 11 13
11 0 1 -2 3 -4 -6 -7 -8 -9 -10 11
2 11 13
2 11 15
2 11 16
2 11 18
2 11 19
2 11 19
2 11 18
2 11 16
2 11 14
2 11 13
11 0 1 -2 3 -4 5 -6 -8 -9 -10 11
2 11 13
2 11 14
2 11 16
2 11 18
2 11 19
11 0 1 -2 3 -4 5 -6 7 -8 -10 11
2 12 19
2 12 18
2 12 16
2 12 14
12 0 1 -2 3 -4 5 -6 7 -8 -9 -10 12
2 12 14
2 12 16
2 12 18
2 12 19
10 0 1 2 -5 -6 -7 -8 -9 -10 13
2 11 13
2 11 12
11 0 1 2 -3 -4 5 -7 -8 -9 -10 11
2 11 12
2 11 13

