1 7
2 7 8
2 -6 7
2 7 8
3 -4 -6 7
4 4 -5 -6 9
2 7 10
2 7 8
4 3 -5 -6 7
2 7 8
2 7 10
2 7 10
5 3 4 -5 -6 7
2 7 10
5 2 3 -4 -6 7
2 7 8
5 -1 -4 -5 -6 7
2 7 8
6 -1 -2 4 -5 -6 7
2 8 9
7 -1 -2 3 -4 -5 -6 8
2 8 9
7 -1 2 -3 -4 -5 -6 12
2 7 12
2 7 10
6 1 -3 -4 -5 -6 7
2 7 10
2 7 12
2 7 8
6 1 2 -3 -5 -6 7
2 7 8
2 7 10
2 7 9
2 7 8
7 -0 -2 -3 4 -5 -6 7
2 7 8
2 7 9
2 7 10
2 7 11
2 7 10
2 7 9
7 -0 -2 3 -4 -5 -6 7
2 7 9
2 7 10
2 7 11
2 7 8
8 -0 -1 -2 -3 -4 -5 6 7
2 7 8
2 7 9
2 7 8
8 -0 -1 -2 -3 -4 5 -6 7
2 7 8
2 7 9
2 7 13
2 7 12
2 7 11
2 7 10
2 7 9
7 -0 1 -3 -4 -5 -6 7
2 7 9
2 7 10
2 7 11
2 7 12
2 7 13
2 7 11
2 7 10
7 -0 1 -2 -4 -5 -6 7
2 7 10
2 7 11
2 8 10
2 8 9
7 -0 1 -2 -3 -5 -6 8
2 8 9
2 8 10
2 7 13
8 -0 1 2 -3 -4 -5 -6 7
2 7 13
2 7 8
6 0 3 -4 -5 -6 7
2 7 8
2 7 12
2 7 11
2 7 10
7 0 2 -3 -4 -5 -6 7
2 7 10
2 7 11
2 7 12
8 0 1 -2 3 -4 5 -6 7
7 0 1 2 -4 -5 -6 8
