1 9
2 9 10
2 -8 9
2 9 10
2 10 11
4 6 -7 -8 10
2 10 11
2 9 13
2 9 12
2 9 11
2 9 10
4 -5 -7 -8 9
2 9 10
2 9 11
2 9 12
2 9 13
4 -5 -6 -8 9
2 9 13
2 9 12
2 9 11
5 -5 6 -7 -8 9
2 9 11
2 9 12
2 9 13
5 -4 -6 -7 -8 11
2 9 12
2 9 10
6 -3 5 -6 -7 -8 9
2 9 10
2 9 12
5 -3 -4 -7 -8 9
2 10 12
5 3 -6 -7 -8 10
2 10 12
2 13 14
7 3 -4 -5 -6 -7 -8 13
2 13 14
2 9 10
6 3 4 -5 -7 -8 9
2 9 10
2 10 13
2 10 12
7 -2 -4 -5 -6 -7 -8 10
2 10 12
2 10 13
7 -2 -4 5 -6 7 -8 9
2 9 10
6 -2 -3 -6 -7 -8 9
2 9 10
2 13 16
8 2 -3 -4 -5 -6 -7 -8 13
2 13 16
7 2 -3 -4 5 -6 -8 9
2 9 11
2 9 10
8 2 3 -4 5 -6 -7 -8 9
2 9 10
2 9 11
9 -1 -2 3 -4 -5 6 -7 -8 9
2 9 11
7 -1 2 -5 -6 -7 -8 9
2 9 11
7 1 4 -5 -6 -7 -8 11
2 10 16
2 10 14
2 10 12
8 1 -3 -4 -5 -6 -7 -8 10
2 10 12
2 10 14
2 10 16
8 1 -2 3 -5 -6 -7 -8 10
2 11 17
2 11 16
2 11 15
2 11 13
8 1 2 -3 -5 -6 -7 -8 11
2 11 13
2 11 15
2 11 16
2 11 17
2 9 10
8 1 2 -3 4 -5 -7 -8 9
2 9 10
2 12 17
2 12 16
2 12 15
2 12 13
9 1 2 -3 4 -5 -6 -7 -8 12
2 12 13
2 12 15
2 12 16
2 12 17
2 9 11
2 9 10
8 -0 -2 -3 -5 -6 -7 -8 9
2 9 10
2 9 11
2 9 12
2 9 11
2 9 10
8 -0 2 -4 -5 -6 -7 -8 9
2 9 10
2 9 11
2 9 12
2 9 10
8 -0 -1 -3 -4 -6 -7 -8 9
2 9 10
2 9 11
2 9 10
9 -0 -1 -2 -3 -4 -5 -6 -8 9
2 9 10
2 9 11
2 9 10
9 -0 -1 -2 -3 -4 -5 -6 -7 9
2 9 10
2 9 12
2 9 11
2 9 10
10 -0 -1 -2 -3 -4 -5 6 -7 -8 9
2 9 10
2 9 11
2 9 12
2 11 13
2 11 12
10 -0 -1 -2 -3 -4 5 -6 -7 -8 11
2 11 12
2 11 13
2 12 14
2 12 13
10 -0 -1 -2 -3 4 -5 -6 -7 -8 12
2 12 13
2 12 14
2 12 15
2 12 14
2 12 13
10 -0 -1 -2 3 -4 -5 -6 -7 -8 12
2 12 13
2 12 14
2 12 15
10 -0 -1 -2 3 4 5 -6 -7 -8 9
9 -0 -1 2 3 -5 -6 -7 -8 10
2 9 17
2 9 16
2 9 14
2 9 12
2 9 11
8 -0 1 -4 -5 -6 -7 -8 9
2 9 11
2 9 12
2 9 14
2 9 16
2 9 17
2 11 17
2 11 16
2 11 14
9 -0 1 3 -4 -5 -6 -7 -8 11
2 11 14
2 11 16
2 11 17
7 0 4 -5 -6 -7 -8 9
2 10 16
2 10 15
2 10 14
2 10 12
9 0 2 -3 -4 -5 -6 -7 -8 10
2 10 12
2 10 14
2 10 15
2 10 16
8 0 1 -4 5 -6 -7 -8 9
2 9 11
2 9 10
9 0 1 -2 3 -4 -6 -7 -8 9
2 9 10
2 9 11
2 9 13
2 9 10
10 0 1 -2 3 -4 -5 -6 -7 -8 9
2 9 10
2 9 13
9 0 1 -2 3 -4 5 -6 -8 9
2 11 17
2 11 15
2 11 13
10 0 1 2 -3 -4 -5 -6 -7 -8 11
2 11 13
2 11 15
2 11 17
9 0 1 2 -3 -4 5 -7 -8 9

