1 12
2 -11 13
3 9 -11 12
2 13 14
4 9 -10 -11 13
2 13 14
4 -8 -10 -11 13
2 16 17
5 -8 -9 -10 -11 16
2 16 17
5 -7 -9 -10 -11 14
2 13 17
2 13 14
6 7 -8 -9 -10 -11 13
2 13 14
2 13 17
6 7 8 -9 10 -11 12
2 12 15
5 -6 -9 -10 -11 12
2 12 15
6 -6 -7 9 -10 -11 12
2 12 18
2 12 17
2 12 16
2 12 15
7 -6 -7 -8 -9 -10 -11 12
2 12 15
2 12 16
2 12 17
2 12 18
2 12 15
2 12 13
6 6 8 -9 -10 -11 12
2 12 13
2 12 15
2 12 13
6 6 7 -8 -10 -11 12
2 12 13
2 12 19
2 12 18
2 12 15
2 12 14
8 -5 -6 -7 -8 -9 -10 -11 12
2 12 14
2 12 15
2 12 18
2 12 19
7 5 -7 -8 -9 -10 -11 16
2 12 13
6 5 -6 -9 -10 -11 12
2 12 13
2 12 14
2 12 13
7 5 6 -7 8 -9 -11 12
2 12 13
2 12 14
2 13 14
8 5 6 -7 8 -9 10 -11 13
2 13 14
8 -4 -5 -6 -7 -9 -10 -11 12
2 14 21
2 14 20
2 14 18
2 14 16
9 -4 -5 -6 -7 -8 -9 -10 -11 14
2 14 16
2 14 18
2 14 20
2 14 21
2 12 14
8 -4 5 7 -8 -9 -10 -11 12
2 12 14
6 4 -8 -9 -10 -11 14
8 4 -5 6 -8 -9 -10 -11 13
2 14 15
8 4 5 -6 -8 -9 -10 -11 14
2 14 15
2 12 13
8 4 5 -6 7 -8 -10 -11 12
2 12 13
2 12 15
2 12 14
8 -3 6 -7 -8 -9 -10 -11 12
2 12 14
2 12 15
2 12 17
2 12 16
2 12 15
2 12 13
9 -3 -4 -6 -7 -8 -9 -10 -11 12
2 12 13
2 12 15
2 12 16
2 12 17
2 13 23
2 13 22
2 13 20
2 13 19
9 -3 -4 -5 -7 -8 -9 -10 -11 13
2 13 19
2 13 20
2 13 22
2 13 23
9 -3 -4 -5 6 -7 -8 -10 -11 12
10 -3 -4 -5 6 7 8 -9 -10 -11 12
2 13 15
2 13 14
8 -3 4 -7 -8 -9 -10 -11 13
2 13 14
2 13 15
8 -3 4 -5 -8 -9 -10 -11 12
2 12 21
2 12 19
2 12 17
2 12 16
2 12 15
10 3 -4 -5 -6 -7 -8 -9 -10 -11 12
2 12 15
2 12 16
2 12 17
2 12 19
2 12 21
2 13 16
2 13 15
2 13 14
8 3 4 6 -7 -9 -10 -11 13
2 13 14
2 13 15
2 13 16
9 3 4 -5 6 -7 8 -9 -11 12
2 15 16
10 3 4 -5 6 -7 8 -9 -10 -11 15
2 15 16
2 12 16
2 12 15
2 12 14
2 12 13
8 3 4 5 -7 -9 -10 -11 12
2 12 13
2 12 14
2 12 15
2 12 16
2 13 16
2 13 15
2 13 14
10 3 4 5 -6 -7 8 -9 -10 -11 13
2 13 14
2 13 15
2 13 16
9 -2 5 6 -7 -8 -9 -10 -11 12
8 -2 -3 -6 -8 -9 -10 -11 12
2 12 22
2 12 21
2 12 19
2 12 17
2 12 16
2 12 15
2 12 14
10 -2 -3 -4 -6 -7 -8 -9 -10 -11 12
2 12 14
2 12 15
2 12 16
2 12 17
2 12 19
2 12 21
2 12 22
2 12 13
10 -2 -3 -4 6 7 -8 -9 -10 -11 12
2 12 13
10 -2 -3 -4 -5 6 -8 -9 -10 -11 13
2 12 22
2 12 21
2 12 19
2 12 17
2 12 16
2 12 15
2 12 13
10 -2 -3 -4 5 -6 -7 -9 -10 -11 12
2 12 13
2 12 15
2 12 16
2 12 17
2 12 19
2 12 21
2 12 22
2 15 22
2 15 21
2 15 19
2 15 17
2 15 16
11 -2 -3 -4 5 -6 -7 8 -9 -10 -11 15
2 15 16
2 15 17
2 15 19
2 15 21
2 15 22
2 13 14
10 -2 -3 4 -5 -6 -8 -9 -10 -11 13
2 13 14
9 -2 3 -6 -7 -8 -9 -10 -11 14
9 -2 3 -4 -7 -8 -9 -10 -11 13
2 12 13
11 -2 3 -4 -5 -6 7 -8 -9 -10 -11 12
2 12 13
10 -2 3 4 5 -6 -7 8 -10 -11 12
10 2 4 5 -6 -7 8 9 -10 -11 12
2 12 16
2 12 15
2 12 13
9 2 -3 -6 -7 -8 -9 -10 -11 12
2 12 13
2 12 15
2 12 16
2 12 13
9 2 3 -6 7 -8 -9 -10 -11 12
2 12 13
2 12 15
2 12 14
2 12 13
10 2 3 -4 5 -6 -8 -9 -10 -11 12
2 12 13
2 12 14
2 12 15
2 12 13
10 2 3 -4 5 -6 7 -8 -10 -11 12
2 12 13
8 -1 -6 -7 -8 -9 -10 -11 14
2 12 19
2 12 15
11 -1 -3 -4 -5 -6 -7 -8 -9 -10 -11 12
2 12 15
2 12 19
2 12 18
2 12 16
2 12 15
2 12 14
2 12 13
11 -1 3 4 -5 -6 -7 -8 -9 -10 -11 12
2 12 13
2 12 14
2 12 15
2 12 16
2 12 18
2 12 17
2 12 16
2 12 13
10 -1 -2 -4 -6 -7 -8 -9 -10 -11 12
2 12 13
2 12 16
2 12 17
2 12 19
2 12 18
2 12 17
2 12 13
11 -1 -2 -4 -5 -6 -7 -8 -9 -10 -11 12
2 12 13
2 12 17
2 12 18
2 12 19
10 -1 -2 -4 5 -7 -8 -9 -10 -11 12
10 -1 -2 -3 6 -7 -8 -9 -10 -11 13
2 12 22
2 12 20
2 12 18
2 12 17
2 12 15
2 12 14
2 12 13
11 -1 -2 -3 -4 -6 -7 -8 -9 -10 -11 12
2 12 13
2 12 14
2 12 15
2 12 17
2 12 18
2 12 20
2 12 22
2 12 22
2 12 20
2 12 19
2 12 17
2 12 16
2 12 13
12 -1 -2 -3 -4 5 -6 -7 -8 -9 -10 -11 12
2 12 13
2 12 16
2 12 17
2 12 19
2 12 20
2 12 22
12 -1 -2 -3 4 -5 -6 -7 8 -9 -10 -11 12
2 12 14
12 -1 -2 -3 4 5 6 -7 -8 -9 -10 -11 12
2 12 14
2 12 15
2 12 14
2 12 13
11 -1 -2 3 -4 -5 6 -7 -8 -10 -11 12
2 12 13
2 12 14
2 12 15
2 13 15
2 13 14
12 -1 -2 3 -4 -5 6 -7 -8 9 -10 -11 13
2 13 14
2 13 15
2 12 13
11 -1 2 3 4 -5 -6 7 -9 -10 -11 12
2 12 13
2 12 18
2 12 17
2 12 14
2 12 13
9 1 -5 -6 -7 -8 -9 -10 -11 12
2 12 13
2 12 14
2 12 17
2 12 18
2 12 13
11 1 3 4 -5 -6 7 8 -9 -10 -11 12
2 12 13
2 13 14
9 1 2 -5 -7 -8 -9 -10 -11 13
2 13 14
2 12 16
2 12 14
10 1 2 -5 -6 -7 -8 -9 -10 -11 12
2 12 14
2 12 16
2 15 20
2 15 19
2 15 16
11 1 2 4 -5 -6 -7 -8 -9 -10 -11 15
2 15 16
2 15 19
2 15 20
11 1 2 -3 4 6 -7 8 -9 -10 -11 12
2 12 16
2 12 15
2 12 14
2 12 13
11 1 2 -3 4 -5 -7 -8 -9 -10 -11 12
2 12 13
2 12 14
2 12 15
2 12 16
2 12 14
2 12 13
11 1 2 -3 4 -5 6 -7 -9 -10 -11 12
2 12 13
2 12 14
11 1 2 -3 4 -5 6 -7 8 -9 -11 12
11 1 2 3 -4 -5 -6 -8 -9 -10 -11 12
2 12 20
2 12 19
2 12 17
2 12 15
2 12 14
2 12 13
12 1 2 3 4 -5 -6 -7 -8 -9 -10 -11 12
2 12 13
2 12 14
2 12 15
2 12 17
2 12 19
2 12 20
2 12 23
2 12 22
2 12 20
2 12 19
2 12 14
2 12 13
11 -0 -3 -4 -5 6 -7 -8 -9 -10 -11 12
2 12 13
2 12 14
2 12 19
2 12 20
2 12 22
2 12 23
2 12 18
2 12 17
2 12 16
11 -0 3 4 -5 -6 -7 -8 -9 -10 -11 12
2 12 16
2 12 17
2 12 18
2 12 19
2 12 17
2 12 15
2 12 14
11 -0 -2 -4 -5 -6 -7 -8 -9 -10 -11 12
2 12 14
2 12 15
2 12 17
2 12 19
2 12 17
2 12 16
2 12 14
10 -0 2 -5 -6 -7 -8 -9 -10 -11 12
2 12 14
2 12 16
2 12 17
2 12 23
2 12 22
2 12 19
2 12 17
2 12 16
2 12 14
2 12 13
11 -0 2 -3 -5 -6 -7 -8 -9 -10 -11 12
2 12 13
2 12 14
2 12 16
2 12 17
2 12 19
2 12 22
2 12 23
2 12 23
2 12 22
2 12 20
2 12 18
2 12 16
2 12 13
12 -0 2 -3 4 -5 -6 -7 -8 -9 -10 -11 12
2 12 13
2 12 16
2 12 18
2 12 20
2 12 22
2 12 23
2 12 22
2 12 21
2 12 18
2 12 17
2 12 16
11 -0 -1 -3 -5 -6 -7 -8 -9 -10 -11 12
2 12 16
2 12 17
2 12 18
2 12 21
2 12 22
11 -0 -1 -3 -4 -5 -6 -8 -9 -10 -11 12
2 12 22
2 12 21
2 12 20
2 12 19
2 12 18
2 12 17
2 12 16
12 -0 -1 -3 4 -5 -6 -7 -8 -9 -10 -11 12
2 12 16
2 12 17
2 12 18
2 12 19
2 12 20
2 12 21
2 12 22
2 12 21
2 12 20
2 12 16
2 12 15
2 12 13
11 -0 -1 -2 -4 -5 -6 -8 -9 -10 -11 12
2 12 13
2 12 15
2 12 16
2 12 20
2 12 21
2 15 21
2 15 20
2 15 16
12 -0 -1 -2 -4 -5 -6 7 -8 -9 -10 -11 15
2 15 16
2 15 20
2 15 21
2 14 18
2 14 17
2 14 16
2 14 15
12 -0 -1 -2 -3 -4 -5 -7 -8 -9 -10 -11 14
2 14 15
2 14 16
2 14 17
2 14 18
2 12 17
2 12 16
2 12 15
2 12 14
12 -0 -1 -2 -3 -4 -5 -6 -8 -9 -10 -11 12
2 12 14
2 12 15
2 12 16
2 12 17
2 12 16
2 12 15
2 12 14
2 12 13
12 -0 -1 -2 -3 -4 -5 -6 -7 -9 -10 -11 12
2 12 13
2 12 14
2 12 15
2 12 16
2 12 15
2 12 14
2 12 13
12 -0 -1 -2 -3 -4 -5 -6 -7 -8 -10 -11 12
2 12 13
2 12 14
2 12 15
2 12 14
2 12 13
12 -0 -1 -2 -3 -4 -5 -6 -7 -8 -9 -11 12
2 12 13
2 12 14
2 13 23
2 13 18
2 13 17
2 13 16
2 13 15
12 -0 -1 -2 -3 -4 -5 -6 -7 -8 -9 -10 13
2 13 15
2 13 16
2 13 17
2 13 18
2 13 23
2 12 23
2 12 18
2 12 17
2 12 16
2 12 15
13 -0 -1 -2 -3 -4 -5 -6 -7 -8 -9 -10 11 12
2 12 15
2 12 16
2 12 17
2 12 18
2 12 23
13 -0 -1 -2 -3 4 5 6 7 -8 -9 -10 -11 12
2 12 13
11 -0 -1 -2 3 4 -7 -8 -9 -10 -11 12
2 12 13
2 12 15
2 12 13
12 -0 -1 -2 3 4 -6 -7 -8 -9 -10 -11 12
2 12 13
2 12 15
10 -0 -1 2 4 -7 -8 -9 -10 -11 12
2 12 13
12 -0 -1 2 -3 -4 5 -6 -7 -9 -10 -11 12
2 12 13
2 12 17
2 12 13
11 -0 1 -3 -4 -6 -7 -8 -9 -10 -11 12
2 12 13
2 12 17
2 12 13
11 -0 1 3 4 -6 -7 -8 -9 -10 -11 12
2 12 13
2 12 17
2 12 16
11 -0 1 -2 -4 -6 -7 -8 -9 -10 -11 12
2 12 16
2 12 17
2 13 17
2 13 16
2 13 15
2 13 14
13 -0 1 2 -3 -4 5 -6 -7 -8 -9 -10 -11 13
2 13 14
2 13 15
2 13 16
2 13 17
2 12 14
2 12 13
12 -0 1 2 3 -4 -5 6 -8 -9 -10 -11 12
2 12 13
2 12 14
2 12 16
2 12 15
2 12 14
2 12 13
10 0 -3 -4 -6 -7 -8 -9 -10 -11 12
2 12 13
2 12 14
2 12 15
2 12 16
2 14 23
2 14 22
2 14 20
2 14 19
10 0 -3 -4 -5 -7 -8 -9 -10 -11 14
2 14 19
2 14 20
2 14 22
2 14 23
2 12 18
2 12 17
2 12 16
10 0 -2 -5 -6 -7 -8 -9 -10 -11 12
2 12 16
2 12 17
2 12 18
2 12 13
12 0 -2 3 -4 5 -6 -7 -8 -9 -10 -11 12
2 12 13
12 0 2 -3 4 5 -6 -7 -8 -9 -10 -11 12
2 12 14
2 12 13
12 0 2 3 -4 -5 6 7 -8 -9 -10 -11 12
2 12 13
2 12 14
2 13 14
10 0 -1 5 -6 -7 -8 -9 -10 -11 13
2 13 14
10 0 -1 4 -5 -7 -8 -9 -10 -11 12
2 12 19
2 12 18
2 12 17
2 12 14
13 0 -1 -2 -3 -4 5 -6 -7 -8 -9 -10 -11 12
2 12 14
2 12 17
2 12 18
2 12 19
13 0 -1 -2 3 4 -5 6 -7 -8 -9 -10 -11 13
2 12 18
2 12 16
2 12 15
2 12 13
11 0 -1 2 -5 -6 -7 -8 -9 -10 -11 12
2 12 13
2 12 15
2 12 16
2 12 18
2 12 14
11 0 -1 2 -3 -6 -7 -8 -9 -10 -11 12
2 12 14
12 0 -1 2 -3 -4 -5 -7 -8 -9 -10 -11 14
12 0 -1 2 -3 4 5 6 -7 -9 -10 -11 12
2 12 18
2 12 15
2 12 13
12 0 1 3 4 -5 -6 -7 -8 -9 -10 -11 12
2 12 13
2 12 15
2 12 18
2 13 18
12 0 1 -2 4 -5 -6 -7 -8 -9 -10 -11 13
2 13 18
11 0 1 -2 -3 4 -6 -8 -9 -10 -11 12
2 13 14
12 0 1 -2 -3 4 -5 -6 -8 -9 -10 -11 13
2 13 14
2 12 13
11 0 1 -2 3 5 -6 7 -8 -10 -11 12
2 12 13
13 0 1 -2 3 -4 -5 6 -7 -8 -9 -10 -11 12
2 14 15
12 0 1 -2 3 -4 5 -6 -8 -9 -10 -11 14
2 14 15
2 12 13
13 0 1 -2 3 4 5 -6 7 -8 9 -10 -11 12
2 12 13
2 12 15
2 12 14
2 12 13
12 0 1 2 -4 5 6 -7 -8 -9 -10 -11 12
2 12 13
2 12 14
2 12 15
2 12 20
2 12 19
2 12 18
2 12 16
2 12 15
12 0 1 2 -3 -5 -6 -7 -8 -9 -10 -11 12
2 12 15
2 12 16
2 12 18
2 12 19
2 12 20
2 13 15
2 13 14
12 0 1 2 3 -4 5 -7 -8 -9 -10 -11 13
2 13 14
2 13 15

