1 10
2 10 11
2 -9 10
2 10 11
2 11 14
2 11 12
3 -8 -9 11
2 11 12
2 11 14
4 -6 -7 -9 10
2 11 14
5 -6 7 -8 -9 11
2 11 14
4 6 -8 -9 14
6 -5 -6 -7 -8 -9 16
2 10 12
5 5 -7 -8 -9 10
2 10 12
5 -4 -7 -8 -9 13
5 -4 -5 -8 -9 10
2 10 13
6 4 6 -7 -8 -9 10
2 10 13
2 10 16
2 10 15
7 4 -5 -6 -7 -8 -9 10
2 10 15
2 10 16
2 10 11
6 4 5 -6 -8 -9 10
2 10 11
6 -3 -5 6 -7 -9 10
2 10 11
6 -3 -4 -7 -8 -9 10
2 10 11
7 3 5 -6 -7 -8 -9 11
8 3 -4 -5 6 -7 8 -9 10
2 10 14
2 10 12
2 10 11
7 3 4 -5 -7 -8 -9 10
2 10 11
2 10 12
2 10 14
2 10 14
8 3 4 -5 6 -7 -8 -9 10
2 10 14
7 -2 -4 -6 -7 -8 -9 12
2 11 12
8 -2 4 5 -6 -7 -8 -9 11
2 11 12
2 12 18
2 12 13
9 -2 -3 -4 -5 -6 -7 -8 -9 12
2 12 13
2 12 18
9 -2 -3 4 -5 -6 7 -8 -9 10
2 10 12
2 10 11
7 -2 3 -6 -7 -8 -9 10
2 10 11
2 10 12
2 11 13
2 11 12
8 2 3 -4 -6 -7 -8 -9 11
2 11 12
2 11 13
2 10 11
8 2 3 -4 5 -6 -8 -9 10
2 10 11
2 10 18
2 10 16
2 10 14
2 10 13
2 10 12
2 10 11
9 -1 -3 -4 -5 -6 -7 -8 -9 10
2 10 11
2 10 12
2 10 13
2 10 14
2 10 16
2 10 18
2 12 13
8 -1 -2 -5 -6 -7 -8 -9 12
2 12 13
9 -1 -2 -3 4 5 -7 -8 -9 10
2 10 11
9 -1 -2 3 -4 -5 -7 -8 -9 10
2 10 11
6 1 -6 -7 -8 -9 10
8 1 2 -5 6 -7 -8 -9 10
2 11 17
2 11 16
2 11 15
2 11 14
9 1 2 -4 -5 -6 -7 -8 -9 11
2 11 14
2 11 15
2 11 16
2 11 17
2 11 14
2 11 12
9 1 2 -3 4 -5 -7 -8 -9 11
2 11 12
2 11 14
9 1 2 -3 4 -5 6 -7 -9 14
2 10 14
10 1 2 -3 4 -5 6 -7 8 -9 10
2 10 14
9 -0 -2 3 -5 -6 -7 -8 -9 11
2 11 17
2 11 16
2 11 14
10 -0 -2 3 -4 -5 -6 -7 -8 -9 11
2 11 14
2 11 16
2 11 17
10 -0 -1 -2 4 5 -6 -7 -8 -9 11
2 10 16
2 10 15
2 10 14
2 10 13
2 10 11
10 -0 -1 -2 -3 5 -6 -7 -8 -9 10
2 10 11
2 10 13
2 10 14
2 10 15
2 10 16
2 10 12
2 10 11
10 -0 -1 -2 -3 -4 -5 -6 -7 -9 10
2 10 11
2 10 12
2 10 11
10 -0 -1 -2 -3 -4 -5 -6 -7 -8 10
2 10 11
2 10 13
2 10 12
2 10 11
11 -0 -1 -2 -3 -4 -5 -6 7 -8 -9 10
2 10 11
2 10 12
2 10 13
2 10 14
2 10 13
2 10 12
2 10 11
11 -0 -1 -2 -3 -4 -5 6 -7 -8 -9 10
2 10 11
2 10 12
2 10 13
2 10 14
2 12 16
11 -0 -1 -2 -3 -4 5 -6 -7 -8 -9 12
2 12 16
2 13 16
2 13 15
2 13 14
10 -0 -1 -2 -3 4 -6 -7 -8 -9 13
2 13 14
2 13 15
2 13 16
2 10 12
2 10 11
9 -0 -1 2 -5 -6 -7 -8 -9 10
2 10 11
2 10 12
2 10 12
2 10 11
10 -0 -1 2 -3 -4 -6 -7 -8 -9 10
2 10 11
2 10 12
2 10 13
2 10 11
9 -0 1 -4 -5 -6 -7 -8 -9 10
2 10 11
2 10 13
2 10 13
2 10 12
9 -0 1 -3 -5 -6 -7 -8 -9 10
2 10 12
2 10 13
2 10 17
2 10 16
2 10 15
2 10 11
10 -0 1 3 -4 -5 -6 -7 -8 -9 10
2 10 11
2 10 15
2 10 16
2 10 17
2 14 19
2 14 18
2 14 16
11 -0 1 -2 -3 -4 -5 -6 -7 -8 -9 14
2 14 16
2 14 18
2 14 19
10 -0 1 2 3 -4 -5 6 -8 -9 10
2 10 15
2 10 14
2 10 13
2 10 12
9 0 2 -4 -5 -6 -7 -8 -9 10
2 10 12
2 10 13
2 10 14
2 10 15
10 0 2 3 -4 -5 6 7 -8 -9 10
9 0 -1 -3 -5 -6 -7 -8 -9 12
9 0 -1 3 5 -6 -7 -8 -9 10
2 10 15
10 0 -1 3 -4 -5 -6 -7 -8 -9 10
2 10 15
10 0 -1 2 -3 -4 -5 -7 -8 -9 10
2 12 18
2 12 17
2 12 16
2 12 15
2 12 14
11 0 -1 2 -3 -4 -5 -6 -7 -8 -9 12
2 12 14
2 12 15
2 12 16
2 12 17
2 12 18
2 10 11
8 0 1 -4 -6 -7 -8 -9 10
2 10 11
11 0 1 -2 -3 4 -5 -6 7 -8 -9 10
2 12 13
10 0 1 -2 3 -4 5 -6 -8 -9 12
2 12 13
2 10 13
2 10 12
2 10 11
11 0 1 -2 3 -4 5 -6 7 -8 -9 10
2 10 11
2 10 12
2 10 13
2 13 17
2 13 16
2 13 14
10 0 1 2 4 -5 -6 -7 -8 -9 13
2 13 14
2 13 16
2 13 17
2 10 11
10 0 1 2 -3 -4 5 -7 -8 -9 10
2 10 11
2 10 17
2 10 16
2 10 14
2 10 12
2 10 11
11 0 1 2 -3 4 -5 -6 -7 -8 -9 10
2 10 11
2 10 12
2 10 14
2 10 16
2 10 17
2 10 17
2 10 16
2 10 14
2 10 13
2 10 11
10 0 1 2 3 -5 -6 -7 -8 -9 10
2 10 11
2 10 13
2 10 14
2 10 16
2 10 17

